(0, 0) >>> (3, 3)

(-3, 1) >>> (2, 3)

(-2, 1) >>> (4, 1)

(-1, 1) >>> (4, 1)

(0, 1) >>> (3, 2)

(1, 1) >>> (3, 2)

(2, 1) >>> (4, 2)

(3, 1) >>> (4, 1)

(4, 1) >>> (4, 1)

(5, 1) >>> (4, 0)

(6, 1) >>> (4, 0)

(7, 1) >>> (3, 1)

(8, 1) >>> (3, 0)

(9, 1) >>> (3, 0)

(10, 1) >>> (4, 0)

(11, 1) >>> (4, 0)

(12, 1) >>> (4, 0)

(-3, 2) >>> (1, 3)

(-2, 2) >>> (4, 1)

(-1, 2) >>> (4, 0)

(0, 2) >>> (3, 1)

(1, 2) >>> (4, 1)

(2, 2) >>> (4, 0)

(3, 2) >>> (4, 0)

(4, 2) >>> (3, 0)

(5, 2) >>> (4, 0)

(6, 2) >>> (3, 0)

(7, 2) >>> (3, 0)

(8, 2) >>> (4, 0)

(9, 2) >>> (4, 0)

(10, 2) >>> (4, 0)

(11, 2) >>> (4, 0)

(12, 2) >>> (4, 0)

(-3, 3) >>> (0, 3)

(-2, 3) >>> (1, 2)

(-1, 3) >>> (2, 1)

(0, 3) >>> (3, 0)

(1, 3) >>> (4, 0)

(2, 3) >>> (4, 0)

(3, 3) >>> (4, 0)

(4, 3) >>> (4, 0)

(5, 3) >>> (4, 0)

(6, 3) >>> (4, 0)

(7, 3) >>> (4, 0)

(8, 3) >>> (4, 0)

(9, 3) >>> (4, 0)

(10, 3) >>> (4, 0)

(11, 3) >>> (4, 0)

(12, 3) >>> (4, 0)

(-3, 4) >>> (1, 2)

(-2, 4) >>> (3, 0)

(-1, 4) >>> (2, 1)

(0, 4) >>> (3, 0)

(1, 4) >>> (2, 0)

(2, 4) >>> (3, 0)

(3, 4) >>> (3, 0)

(4, 4) >>> (3, 0)

(5, 4) >>> (3, 0)

(6, 4) >>> (3, 0)

(7, 4) >>> (3, 0)

(8, 4) >>> (3, 0)

(9, 4) >>> (3, 0)

(10, 4) >>> (3, 0)

(11, 4) >>> (3, 0)

(12, 4) >>> (3, 0)

(-3, 5) >>> (0, 2)

(-2, 5) >>> (2, 0)

(-1, 5) >>> (1, 0)

(0, 5) >>> (2, 0)

(1, 5) >>> (2, 0)

(2, 5) >>> (2, 0)

(3, 5) >>> (2, 0)

(4, 5) >>> (2, 0)

(5, 5) >>> (2, 0)

(6, 5) >>> (2, 0)

(7, 5) >>> (2, 0)

(8, 5) >>> (2, 0)

(9, 5) >>> (2, 0)

(10, 5) >>> (2, 0)

(11, 5) >>> (2, 0)

(12, 5) >>> (2, 0)

(-3, 6) >>> (1, 0)

(-2, 6) >>> (1, 0)

(-1, 6) >>> (1, 0)

(0, 6) >>> (1, 0)

(1, 6) >>> (1, 0)

(2, 6) >>> (1, 0)

(3, 6) >>> (1, 0)

(4, 6) >>> (1, 0)

(5, 6) >>> (1, 0)

(6, 6) >>> (1, 0)

(7, 6) >>> (1, 0)

(8, 6) >>> (1, 0)

(9, 6) >>> (1, 0)

(10, 6) >>> (1, 0)

(11, 6) >>> (1, 0)

(12, 6) >>> (1, 0)

(-3, 7) >>> (0, 0)

(-2, 7) >>> (0, 0)

(-1, 7) >>> (0, 0)

(0, 7) >>> (0, 0)

(1, 7) >>> (0, 0)

(2, 7) >>> (0, 0)

(3, 7) >>> (0, 0)

(4, 7) >>> (0, 0)

(5, 7) >>> (0, 0)

(6, 7) >>> (0, 0)

(7, 7) >>> (0, 0)

(8, 7) >>> (0, 0)

(9, 7) >>> (0, 0)

(10, 7) >>> (0, 0)

(11, 7) >>> (0, 0)

(12, 7) >>> (0, 0)

